% latex table generated in R 3.2.4 by xtable 1.8-2 package
% Thu Mar 24 09:28:44 2016
\begin{table}[ht]
\centering
\caption{Predictor Variable Correlations} 
\begingroup\tiny
\begin{tabular}{rrrrrrrrrrrr}
  \hline
 & Cum. Tight. (lag) & GDP Growth & GDP/Capita & Inflation & FinStress & Housing Chng & CBI & Election & Gini Diff. & Absolute Redist. & UDS \\ 
  \hline
Cum. Tight. (lag) & 1.00 & 0.09 & -0.37 & 0.13 & 0.11 & 0.01 & 0.20 & 0.19 & -0.05 & -0.21 & -0.21 \\ 
  GDP Growth & 0.09 & 1.00 & -0.20 & 0.13 & 0.32 & 0.02 & 0.14 & 0.21 & 0.32 & -0.40 & -0.43 \\ 
  GDP/Capita & -0.37 & -0.20 & 1.00 & -0.57 & 0.03 & -0.35 & -0.20 & -0.53 & 0.02 & 0.58 & 0.49 \\ 
  Inflation & 0.13 & 0.13 & -0.57 & 1.00 & -0.14 & 0.05 & 0.15 & 0.70 & -0.06 & -0.43 & -0.35 \\ 
  FinStress & 0.11 & 0.32 & 0.03 & -0.14 & 1.00 & -0.11 & -0.06 & 0.07 & 0.11 & 0.06 & 0.05 \\ 
  Housing Chng & 0.01 & 0.02 & -0.35 & 0.05 & -0.11 & 1.00 & 0.06 & -0.16 & 0.06 & -0.15 & 0.10 \\ 
  CBI & 0.20 & 0.14 & -0.20 & 0.15 & -0.06 & 0.06 & 1.00 & 0.19 & 0.02 & -0.16 & -0.14 \\ 
  Election & 0.19 & 0.21 & -0.53 & 0.70 & 0.07 & -0.16 & 0.19 & 1.00 & 0.05 & -0.32 & -0.23 \\ 
  Gini Diff. & -0.05 & 0.32 & 0.02 & -0.06 & 0.11 & 0.06 & 0.02 & 0.05 & 1.00 & -0.06 & 0.04 \\ 
  Absolute Redist. & -0.21 & -0.40 & 0.58 & -0.43 & 0.06 & -0.15 & -0.16 & -0.32 & -0.06 & 1.00 & 0.79 \\ 
  UDS & -0.21 & -0.43 & 0.49 & -0.35 & 0.05 & 0.10 & -0.14 & -0.23 & 0.04 & 0.79 & 1.00 \\ 
   \hline
\end{tabular}
\endgroup
\end{table}
