% latex table generated in R 3.2.4 by xtable 1.8-2 package
% Wed Mar 23 17:20:35 2016
\begin{table}[ht]
\centering
\caption{Predictor Variable Correlations} 
\begingroup\tiny
\begin{tabular}{rrrrrrrrrrrrr}
  \hline
 & Cum. Tight. (lag) & GDP Growth & GDP/Capita & Inflation & FinStress & Housing Chng & CBI & Election & Gini Diff. & UDS & NA & NA \\ 
  \hline
1 & 1.00 & 0.08 & -0.39 & 0.14 & -0.01 & 0.12 & -0.02 & 0.22 & 0.25 & -0.04 & -0.23 & -0.23 \\ 
  2 & 0.08 & 1.00 & -0.21 & 0.15 & -0.23 & 0.32 & 0.02 & 0.16 & 0.25 & 0.38 & -0.43 & -0.46 \\ 
  3 & -0.39 & -0.21 & 1.00 & -0.53 & 0.07 & 0.01 & -0.33 & -0.20 & -0.56 & -0.03 & 0.57 & 0.50 \\ 
  4 & 0.14 & 0.15 & -0.53 & 1.00 & -0.13 & -0.13 & 0.04 & 0.10 & 0.69 & -0.07 & -0.43 & -0.35 \\ 
  5 & -0.01 & -0.23 & 0.07 & -0.13 & 1.00 & -0.22 & 0.05 & -0.05 & -0.33 & -0.08 & 0.05 & -0.09 \\ 
  6 & 0.12 & 0.32 & 0.01 & -0.13 & -0.22 & 1.00 & -0.12 & -0.02 & 0.12 & 0.16 & 0.02 & -0.00 \\ 
  7 & -0.02 & 0.02 & -0.33 & 0.04 & 0.05 & -0.12 & 1.00 & 0.09 & -0.12 & 0.10 & -0.10 & 0.10 \\ 
  8 & 0.22 & 0.16 & -0.20 & 0.10 & -0.05 & -0.02 & 0.09 & 1.00 & 0.10 & 0.06 & -0.17 & -0.14 \\ 
  9 & 0.25 & 0.25 & -0.56 & 0.69 & -0.33 & 0.12 & -0.12 & 0.10 & 1.00 & 0.05 & -0.37 & -0.26 \\ 
  10 & -0.04 & 0.38 & -0.03 & -0.07 & -0.08 & 0.16 & 0.10 & 0.06 & 0.05 & 1.00 & -0.12 & -0.01 \\ 
  11 & -0.23 & -0.43 & 0.57 & -0.43 & 0.05 & 0.02 & -0.10 & -0.17 & -0.37 & -0.12 & 1.00 & 0.81 \\ 
  12 & -0.23 & -0.46 & 0.50 & -0.35 & -0.09 & -0.00 & 0.10 & -0.14 & -0.26 & -0.01 & 0.81 & 1.00 \\ 
   \hline
\end{tabular}
\endgroup
\end{table}
