% latex table generated in R 3.2.4 by xtable 1.8-2 package
% Mon Mar 28 10:19:29 2016
\begin{table}[ht]
\centering
\caption{Predictor Variable Correlations} 
\begingroup\tiny
\begin{tabular}{rrrrrrrrrrrrrr}
  \hline
 & Cum. Tight. (lag) & GDP Growth & GDP/Capita & Inflation & Housing Chng & Credit Chng & CBI & Election & Policy Rate & Policy Rate Chng & Gini Net & Abs. Redist. & UDS \\ 
  \hline
Cum. Tight. (lag) & 1.00 & -0.01 & -0.21 & 0.16 & -0.01 & 0.16 & 0.01 & 0.09 & 0.17 & 0.04 & 0.12 & -0.05 & -0.12 \\ 
  GDP Growth & -0.01 & 1.00 & -0.11 & 0.25 & 0.40 & -0.47 & -0.24 & 0.09 & 0.31 & 0.37 & 0.34 & -0.34 & -0.35 \\ 
  GDP/Capita & -0.21 & -0.11 & 1.00 & -0.48 & -0.02 & 0.16 & -0.05 & -0.08 & -0.54 & 0.01 & -0.62 & 0.45 & 0.38 \\ 
  Inflation & 0.16 & 0.25 & -0.48 & 1.00 & -0.06 & -0.29 & -0.13 & 0.10 & 0.64 & 0.04 & 0.55 & -0.43 & -0.30 \\ 
  Housing Chng & -0.01 & 0.40 & -0.02 & -0.06 & 1.00 & -0.10 & -0.22 & -0.06 & 0.19 & 0.14 & 0.07 & -0.03 & -0.03 \\ 
  Credit Chng & 0.16 & -0.47 & 0.16 & -0.29 & -0.10 & 1.00 & 0.04 & -0.02 & -0.18 & -0.19 & -0.20 & 0.19 & 0.16 \\ 
  CBI & 0.01 & -0.24 & -0.05 & -0.13 & -0.22 & 0.04 & 1.00 & 0.01 & -0.35 & -0.03 & -0.37 & 0.28 & 0.32 \\ 
  Election & 0.09 & 0.09 & -0.08 & 0.10 & -0.06 & -0.02 & 0.01 & 1.00 & 0.12 & -0.01 & 0.08 & -0.00 & -0.08 \\ 
  Policy Rate & 0.17 & 0.31 & -0.54 & 0.64 & 0.19 & -0.18 & -0.35 & 0.12 & 1.00 & 0.11 & 0.54 & -0.41 & -0.26 \\ 
  Policy Rate Chng & 0.04 & 0.37 & 0.01 & 0.04 & 0.14 & -0.19 & -0.03 & -0.01 & 0.11 & 1.00 & -0.01 & -0.03 & 0.02 \\ 
  Gini Net & 0.12 & 0.34 & -0.62 & 0.55 & 0.07 & -0.20 & -0.37 & 0.08 & 0.54 & -0.01 & 1.00 & -0.78 & -0.78 \\ 
  Abs. Redist. & -0.05 & -0.34 & 0.45 & -0.43 & -0.03 & 0.19 & 0.28 & -0.00 & -0.41 & -0.03 & -0.78 & 1.00 & 0.70 \\ 
  UDS & -0.12 & -0.35 & 0.38 & -0.30 & -0.03 & 0.16 & 0.32 & -0.08 & -0.26 & 0.02 & -0.78 & 0.70 & 1.00 \\ 
   \hline
\end{tabular}
\endgroup
\end{table}
