% latex table generated in R 3.2.4 by xtable 1.8-2 package
% Fri Mar 25 14:35:33 2016
\begin{table}[ht]
\centering
\caption{Predictor Variable Correlations} 
\begingroup\tiny
\begin{tabular}{rrrrrrrrrrrrr}
  \hline
 & Cum. Tight. (lag) & GDP Growth & GDP/Capita & Inflation & FinStress & Housing Chng & CBI & Election & Credit Chng & Gini Diff. & Abs. Redist. & UDS \\ 
  \hline
Cum. Tight. (lag) & 1.00 & 0.06 & -0.28 & 0.18 & 0.13 & -0.20 & 0.05 & 0.18 & 0.34 & -0.02 & -0.12 & -0.12 \\ 
  GDP Growth & 0.06 & 1.00 & -0.12 & 0.14 & 0.33 & -0.06 & -0.53 & 0.12 & 0.21 & 0.30 & -0.36 & -0.42 \\ 
  GDP/Capita & -0.28 & -0.12 & 1.00 & -0.58 & 0.03 & -0.23 & 0.22 & -0.14 & -0.59 & 0.07 & 0.49 & 0.40 \\ 
  Inflation & 0.18 & 0.14 & -0.58 & 1.00 & -0.15 & -0.00 & -0.29 & 0.18 & 0.69 & -0.03 & -0.42 & -0.29 \\ 
  FinStress & 0.13 & 0.33 & 0.03 & -0.15 & 1.00 & -0.12 & -0.01 & -0.06 & 0.07 & 0.10 & 0.07 & 0.04 \\ 
  Housing Chng & -0.20 & -0.06 & -0.23 & -0.00 & -0.12 & 1.00 & -0.14 & -0.01 & -0.19 & 0.00 & -0.03 & 0.24 \\ 
  CBI & 0.05 & -0.53 & 0.22 & -0.29 & -0.01 & -0.14 & 1.00 & -0.01 & -0.18 & -0.16 & 0.29 & 0.23 \\ 
  Election & 0.18 & 0.12 & -0.14 & 0.18 & -0.06 & -0.01 & -0.01 & 1.00 & 0.25 & -0.01 & -0.10 & -0.08 \\ 
  Credit Chng & 0.34 & 0.21 & -0.59 & 0.69 & 0.07 & -0.19 & -0.18 & 0.25 & 1.00 & 0.07 & -0.33 & -0.21 \\ 
  Gini Diff. & -0.02 & 0.30 & 0.07 & -0.03 & 0.10 & 0.00 & -0.16 & -0.01 & 0.07 & 1.00 & -0.03 & 0.04 \\ 
  Abs. Redist. & -0.12 & -0.36 & 0.49 & -0.42 & 0.07 & -0.03 & 0.29 & -0.10 & -0.33 & -0.03 & 1.00 & 0.77 \\ 
  UDS & -0.12 & -0.42 & 0.40 & -0.29 & 0.04 & 0.24 & 0.23 & -0.08 & -0.21 & 0.04 & 0.77 & 1.00 \\ 
   \hline
\end{tabular}
\endgroup
\end{table}
